2038.75
2050
1856.25
866.25
1826.25
6333.75
2201.25
588.75
5288.75
516.25
3380
2651.25
6515
10918.8
11317.5
1865
2820
4666.25
7465
1503.75
2033.75
1301.25
1878.75
775
4395
8663.75
3133.75
1937.5
1788.75
1942.5
481.25
7612.5
488.75
2312.5
1180
3556.25
803.75
8020
890
19236.2
1443.75
1912.5
2566.25
1703.75
1040
25026.2
2443.75
1467.5
523.75
1088.75
1650
2275
1840
2118.75
1650
2988.75
843.75
4148.75
1970
3991.25
612.5
1188.75
643.75
1028.75
2861.25
15718.8
7592.5
2598.75
5945
1757.5
1635
593.75
945
4475
2031.25
1706.25
1441.25
1453.75
763.75
1026.25
543.75
4748.75
842.5
2217.5
1905
2198.75
3235
531.25
5157.5
512.5
3212.5
2288.75
590
1310
6018.75
611.25
5000
1735
912.5
2082.5
1155
2850
5372.5
1748.75
1027.5
831.25
2320
1550
1421.25
877.5
6520
4172.5
3767.5
3108.75
3467.5
1162.5
1072.5
1047.5
29220
466.25
916.25
2152.5
3898.75
506.25
1870
2466.25
3500
1566.25
775
5507.5
1462.5
1783.75
937.5
538.75
2271.25
3710
5607.5
1790
1647.5
3046.25
2256.25
2928.75
1876.25
7225
1102.5
1031.25
1831.25
10713.8
2050
4370
1572.5
1416.25
1262.5
1717.5
1527.5
987.5
27053.8
2078.75
2865
507.5
888.75
2525
3087.5
1338.75
2321.25
1380
5608.75
4351.25
4563.75
877.5
2106.25
1432.5
14848.8
2077.5
9863.75
9433.75
4711.25
5783.75
3158.75
1440
2638.75
662.5
2242.5
2571.25
1517.5
1838.75
5423.75
993.75
2072.5
4197.5
2970
2628.75
1567.5
2920
1241.25
29015
1725
2131.25
4062.5
1230
1963.75
24642.5
3076.25
928.75
1112.5
1027.5
4640
638.75
1551.25
3848.75
29383.8
3398.75
8720
3658.75
8151.25
593.75
2205
13527.5
830
2325
3355
15977.5
1180
2706.25
2525
867.5
10080
6163.75
3168.75
16222.5
1796.25
3963.75
1857.5
821.25
1571.25
1336.25
2425
8128.75
503.75
3957.5
2850
467.5
7397.5
1388.75
1062.5
2611.25
9001.25
2548.75
821.25
620
758.75
2732.5
5058.75
1116.25
1780
2250
4383.75
812.5
840
3871.25
3851.25
12517.5
5006.25
2528.75
2930
2981.25
11546.2
2571.25
21911.2
3322.5
1331.25
22315
7572.5
9073.75
4047.5
2708.75
1816.25
11451.2
1137.5
1490
1397.5
991.25
1415
1435
3766.25
4586.25
678.75
22771.2
2865
3920
1735
2128.75
3162.5
16503.8
855
5277.5
1701.25
2592.5
675
1702.5
1962.5
2045
4608.75
26673.8
10570
1611.25
3341.25
7203.75
915
3852.5
3451.25
1550
728.75
1226.25
5332.5
1508.75
15592.5
3035
4470
583.75
3523.75
1705
2137.5
24011.2
1045
3143.75
1996.25
3103.75
2567.5
1155
1390
23212.5
4546.25
14905
3465
9130
3265
2721.25
1661.25
925
795
540
591.25
1172.5
4140
1008.75
3561.25
4687.5
820
2556.25
1502.5
1493.75
2130
19602.5
1812.5
4422.5
616.25
991.25
2671.25
3088.75
1082.5
1286.25
1451.25
6725
5508.75
2015
21675
588.75
682.5
9507.5
1107.5
1275
3330
2332.5
606.25
2895
2160
3380
468.75
991.25
5695
2580
1128.75
2358.75
660
4671.25
12957.5
3232.5
12856.2
1486.25
1313.75
506.25
597.5
4976.25
3382.5
1173.75
26345
1736.25
2207.5
3332.5
4153.75
747.5
1523.75
2220
963.75
545
1686.25
561.25
2926.25
560
1927.5
11722.5
28866.2
1843.75
1552.5
1587.5
1606.25
1298.75
1393.75
10266.2
1961.25
4080
6082.5
811.25
3510
2380
1736.25
29130
3906.25
2038.75
4122.5
4050
3023.75
1327.5
3702.5
6463.75
802.5
5250
2907.5
2036.25
4618.75
888.75
3725
753.75
3602.5
1675
673.75
3612.5
486.25
5455
11688.8
1441.25
5768.75
4516.25
5547.5
712.5
1397.5
21268.8
3197.5
1396.25
2967.5
692.5
2602.5
587.5
1131.25
1973.75
1911.25
3736.25
2402.5
26973.8
922.5
3051.25
765
2950
1313.75
1888.75
7397.5
5820
1735
1307.5
1670
4443.75
5238.75
2932.5
3472.5
6373.75
1557.5
482.5
6903.75
4408.75
1388.75
908.75
970
1823.75
2921.25
1661.25
646.25
24825
2470
28598.8
801.25
502.5
1143.75
5740
2902.5
3337.5
2362.5
3035
